	p_val	avg_log2FC	pct.1	pct.2	p_val_adj
ATF3	0	1.32061915593711	0.888	0.651	0
CSF2	0	1.28125693467451	0.901	0.635	0
EDN1	0	1.22793642839136	0.353	0.039	0
IER3	0	1.20727051745007	0.926	0.794	0
TNF	0	1.29365484674436	0.923	0.747	0
PTHLH	0	0.929644316730315	0.518	0.176	0
MT1E	0	1.48919270860468	0.84	0.68	0
MT1G	0	2.04187623300809	0.612	0.274	0
CCDC200	0	1.59147923529712	0.684	0.299	0
CD70	0	1.21656228286516	0.898	0.79	0
LINC01480	0	1.12620768956112	0.466	0.145	0
MX1	0	0.659469383991505	0.305	0.023	0
H1F0	0	0.854827018496998	0.317	0.037	0
MT1X	3.28761410763488e-291	1.51123495813223	0.798	0.681	1.20329963953544e-286
H1FX	6.15510790401305e-291	0.959896447328978	0.862	0.774	2.25283104394781e-286
IL1R1	7.8621434029282e-291	0.815112844216603	0.511	0.195	2.87762310690575e-286
FAM107B	1.30990395057779e-290	0.852985022835892	0.836	0.764	4.79437944950977e-286
RPS18	7.68418281354574e-267	-0.548840731028177	0.93	0.943	2.81248775158588e-262
SERPINE1	3.83237732351479e-264	1.02897142509106	0.35	0.078	1.40268842417965e-259
CYTOR	1.09554619745565e-263	0.762720348460694	0.89	0.842	4.00980863730742e-259
GADD45G	1.71532949542288e-262	0.955906363980603	0.529	0.225	6.27827748619727e-258
PHLDA1	9.84673842662821e-262	1.00070362039874	0.814	0.666	3.60400473153019e-257
IRF7	1.53424342193915e-261	0.706546240758829	0.459	0.162	5.61548434863949e-257
GRIK4	5.71274604442227e-257	0.53228231411429	0.234	0.02	2.090922179719e-252
SIAH2	4.22443378731386e-256	0.840013791903227	0.813	0.723	1.54618501049475e-251
LINC00243	7.02906865607484e-256	1.10542121298677	0.381	0.102	2.57270941880995e-251
JUN	6.2904710981006e-251	0.746736514776478	0.866	0.68	2.3023753266158e-246
TNFSF14	1.62700346244862e-250	0.883470988437461	0.875	0.836	5.95499537290818e-246
GEM	6.86590060787084e-246	0.942881066312285	0.539	0.248	2.51298828148681e-241
TUBA1B	9.96444815015182e-243	-0.726123351182927	0.823	0.885	3.64708766743707e-238
NR4A2	1.07970775182511e-242	0.94489282756711	0.707	0.481	3.95183834245508e-238
CCDC91	2.44927258771768e-239	0.781797993689563	0.58	0.326	8.96458259830547e-235
GADD45B	4.99299440135181e-239	0.624802731503266	0.668	0.356	1.82748588083877e-234
DDX60L	4.40931884726044e-236	0.507024998385944	0.293	0.056	1.61385479128579e-231
SIAH2-AS1	5.28906409688586e-232	0.900592284681759	0.521	0.22	1.93585035010119e-227
FAM43A	1.97805939849577e-227	0.898138313074421	0.52	0.229	7.23989520443438e-223
NFKBIA	1.12672790501622e-224	0.62119587582049	0.948	0.911	4.12393680514985e-220
RUNX1	2.04214611243977e-218	0.979897345922403	0.78	0.593	7.47445898614082e-214
AL391832.4	2.29126744543694e-215	0.543191091391172	0.324	0.084	8.38626797704375e-211
PPP1R15A	4.54326990338584e-214	0.712953441238031	0.811	0.666	1.66288221733825e-209
SNX9	5.19812524816236e-209	0.761973774594222	0.828	0.738	1.9025658220799e-204
TRIM69	5.32667201235847e-209	0.720386281133264	0.647	0.428	1.94961522324332e-204
RPS14	7.52620269958162e-206	-0.464105540790432	0.871	0.9	2.75466545007387e-201
LDLRAD4	5.97940400239979e-204	0.823010221934865	0.744	0.586	2.18852165891835e-199
ARHGAP26	8.48116114887385e-204	0.81337715139167	0.724	0.523	3.10418979209932e-199
TUBB	2.81085821777522e-201	-0.810837503354976	0.694	0.8	1.02880221628791e-196
AC015912.3	3.10866185829067e-200	0.897686360069101	0.413	0.15	1.13780132675297e-195
MT1H	1.57942698010413e-197	1.05064499816646	0.345	0.113	5.78086068987911e-193
AC092112.1	3.0537042195899e-197	0.337991108185681	0.216	0.029	1.1176862814121e-192
RPL7	3.18666704039719e-195	-0.526439267932019	0.764	0.839	1.16635200345578e-190
GAPDH	4.28248452614939e-195	-0.508378836360225	0.937	0.942	1.56743216141594e-190
RHOB	4.43669477575639e-195	0.729206379090477	0.658	0.439	1.62387465487459e-190
ATP2B1-AS1	3.27857699546162e-193	0.621127987784301	0.366	0.119	1.19999196610891e-188
HSPA8	9.14940450005527e-190	-0.620200211203273	0.825	0.89	3.34877354106523e-185
ARSG	1.38349377554502e-189	0.420491722413192	0.342	0.11	5.06372556787231e-185
AC245014.3	2.94169782974829e-186	0.842216548922984	0.429	0.172	1.07669082266617e-181
MIR155HG	4.37611680754408e-186	0.529307945937622	0.911	0.881	1.60170251272921e-181
ZNF295-AS1	4.01479689910432e-183	0.514250206677115	0.411	0.169	1.46945581304117e-178
NOP14-AS1	1.8832487952111e-182	0.75548071718715	0.6	0.355	6.89287891535216e-178
ATP9A	2.0434199511483e-182	0.478634102442029	0.321	0.097	7.47912136319788e-178
EGR2	2.52150743256108e-181	0.577648890833172	0.758	0.592	9.22896935391681e-177
RPL34	1.48147115590435e-180	-0.423825659064633	0.86	0.892	5.42233257772552e-176
FASLG	4.76940493079626e-180	0.712856373744258	0.731	0.621	1.74564989872074e-175
IER2	5.01199756666187e-179	0.636075270049295	0.816	0.706	1.83444122937391e-174
AC067751.1	1.57893479594211e-178	0.521497734335575	0.268	0.064	5.77905924662773e-174
AC253572.2	2.5336228120844e-178	0.914844892234401	0.452	0.199	9.27331285451013e-174
RPL35A	1.34634408133473e-177	-0.401168261400208	0.873	0.897	4.92775397209326e-173
LINC00092	1.48964342699976e-177	0.290496887797174	0.179	0.019	5.45224390716184e-173
DGKI	2.08570083369537e-176	0.872563207622709	0.486	0.239	7.63387362140841e-172
IRF9	3.48302434261518e-175	0.473306747751164	0.45	0.211	1.27482173964058e-170
MIR34AHG	4.31854462296892e-175	0.481949662902223	0.236	0.049	1.58063051745286e-170
LBH	1.4934300320337e-172	0.634405924193707	0.799	0.655	5.46610326024654e-168
TG	2.3069759221096e-172	0.602596574925052	0.422	0.178	8.44376257251336e-168
LUCAT1	7.50906619696829e-172	0.477646750022264	0.333	0.11	2.74839331875236e-167
CD44	1.03924671689084e-171	0.648541002003829	0.884	0.848	3.80374690849215e-167
AP003472.1	1.66297020909711e-171	0.617483360086934	0.479	0.237	6.08663726231633e-167
EGLN3	3.04956838925541e-171	0.400642760674073	0.208	0.035	1.11617252615137e-166
CROCC	6.68500860144696e-171	1.28219208316481	0.549	0.292	2.4467799982156e-166
CDH23	1.00739849870011e-170	0.654326192861561	0.297	0.088	3.68717924509229e-166
RPL22L1	1.99847724886019e-170	-0.592722157415328	0.774	0.857	7.3146265785532e-166
EIF4A1	6.35222547041563e-170	-0.432598445450363	0.834	0.883	2.32497804442682e-165
SHC4	2.83208629003287e-169	0.708553005800916	0.535	0.286	1.03657190301493e-164
NPM1	5.89298406784774e-167	-0.549501687230087	0.893	0.907	2.15689109867295e-162
IQGAP2	3.28972302528692e-166	0.717191643373886	0.748	0.661	1.20407152448526e-161
EPSTI1	4.34214725508091e-165	0.295002492583931	0.193	0.03	1.58926931683216e-160
RPS4X	7.19892883526347e-165	-0.424642775049266	0.891	0.908	2.63487994299478e-160
BACH2	9.81266498880547e-165	0.839944704579886	0.824	0.719	3.59153351255269e-160
MT2A	5.02327079666235e-164	0.955637516094415	0.897	0.862	1.83856734428639e-159
ARHGEF3	1.14449293844063e-163	0.723988378425951	0.655	0.471	4.18895860398656e-159
BHLHE40-AS1	1.78774271369245e-163	0.548047347768447	0.391	0.156	6.54331710638573e-159
SUPT3H	4.16342992616651e-163	0.873953734987229	0.697	0.542	1.5238569872762e-158
RPL39	5.97891821482616e-163	-0.414754159040193	0.826	0.865	2.18834385580852e-158
RPL8	1.11281440164474e-162	-0.360553182453241	0.898	0.917	4.07301199145992e-158
AC012447.1	1.32287032961948e-162	1.00474384265123	0.381	0.146	4.84183769344025e-158
TNFSF9	6.87207497070205e-162	0.808811454518382	0.828	0.718	2.51524816002666e-157
AP000424.1	1.21720799345185e-161	0.52894957267243	0.31	0.1	4.45510297683312e-157
TRIB1	1.40701031172096e-161	0.610420589131617	0.56	0.325	5.14979844192988e-157
LINC01010	7.20533670727198e-161	0.442294876894595	0.244	0.059	2.63722528822862e-156
PRKAR1B	9.12241885181779e-161	0.707794308107622	0.75	0.637	3.33889652395383e-156
CD109	7.62299321641058e-159	0.707982249788502	0.648	0.477	2.79009174713844e-154
ATXN1	2.07770265599272e-158	0.749669755264331	0.829	0.736	7.60459949119897e-154
AC091114.1	8.27349401487673e-158	0.551251477620991	0.245	0.06	3.02818154438503e-153
AL162377.1	1.20689092662057e-157	0.262779640165453	0.241	0.057	4.41734148052396e-153
ANK1	1.78724572344288e-157	0.50956418703199	0.366	0.146	6.5414980723733e-153
EEF1B2	3.94662008669949e-157	-0.385461263725789	0.84	0.889	1.44450241793288e-152
RPL26	3.42991637541899e-153	-0.367839998237971	0.901	0.911	1.2553836925671e-148
GNG4	5.24403376774532e-152	0.514738315887825	0.399	0.181	1.91936879933247e-147
RBM3	1.01964997112936e-151	-0.521631810145494	0.625	0.747	3.73202085933058e-147
SLA	3.98934764257387e-151	0.777951500039916	0.755	0.691	1.46014113065846e-146
CUBN	1.91390906159867e-150	0.516161446134124	0.299	0.1	7.0050985563573e-146
IL32	8.45986196086336e-150	-0.525424517483581	0.77	0.847	3.0963940762956e-145
IL1RN	1.89106204365639e-149	0.642236658573705	0.353	0.141	6.92147618598676e-145
TGIF1	4.37843640964674e-149	0.531648360518061	0.575	0.371	1.6025515102948e-144
CORO1A	1.36126212683912e-148	-0.51432148356331	0.74	0.834	4.98235551044385e-144
AC239799.2	1.62253734607623e-148	0.881582442377192	0.375	0.152	5.93864894037359e-144
CHST11	1.67632851969144e-146	0.876837109331619	0.783	0.691	6.13553001492264e-142
TEX14	5.05884053281622e-145	1.08591908912396	0.636	0.422	1.85158622341607e-140
CAMK2D	1.52282176741569e-144	0.686515883542524	0.812	0.748	5.57367995091816e-140
C12orf57	9.91761993241657e-144	0.615067198352012	0.862	0.84	3.62994807146379e-139
AL021155.5	1.84826500497903e-143	0.892338084261941	0.36	0.145	6.76483474472374e-139
FOXN3-AS1	1.16748552236535e-141	0.266833525246527	0.271	0.084	4.27311376040942e-137
ACTG1	1.64736616277877e-140	-0.538026229804322	0.88	0.905	6.02952489238656e-136
CCN1	7.3496618145417e-140	0.328639428821587	0.161	0.023	2.69004972074041e-135
PRKCH	8.86482767192964e-140	0.718637893103417	0.804	0.724	3.24461557620297e-135
ABTB2	3.25388914962979e-139	0.552121726813029	0.429	0.206	1.190955967656e-134
IL2	1.49337136124582e-138	0.971974023255649	0.661	0.418	5.46588851929582e-134
HSP90AB1	1.81268238510376e-138	-0.45259075635285	0.902	0.908	6.63459879771829e-134
AL596214.1	5.32191201018492e-138	0.427057523089532	0.285	0.096	1.94787301484778e-133
RPS17	1.03185429313972e-137	-0.408454372306952	0.782	0.849	3.77668989832068e-133
SAMD4A	3.90864047688833e-137	0.360986439813814	0.309	0.116	1.4306015009459e-132
GBP2	3.88906486639764e-136	0.74405010877622	0.701	0.552	1.4234366317502e-131
RASGEF1B	1.33519576128982e-135	0.437631199695807	0.31	0.116	4.88695000589687e-131
AC092803.1	1.35109045454281e-135	0.279326529990257	0.173	0.031	4.94512617267212e-131
LINC00944	1.73770824260416e-135	0.502349411226821	0.362	0.157	6.3601859387555e-131
RPS7	2.84490180041737e-135	-0.427774196059272	0.856	0.889	1.04126250797076e-130
SPRY1	4.91084856736471e-135	0.643833386383151	0.57	0.378	1.79741968414116e-130
TRBC2	7.88988676253805e-135	0.682213237855358	0.71	0.65	2.88777745395655e-130
AC006369.1	8.1185651986067e-135	0.508493891561477	0.402	0.189	2.97147604834204e-130
HSPD1	9.65603751993758e-135	-0.545562471080578	0.751	0.824	3.53420629267235e-130
FYN	5.4708612661836e-134	0.602436287480018	0.871	0.834	2.00238993203586e-129
LTBP4	6.68823842619874e-134	0.573837539828188	0.647	0.481	2.447962146373e-129
RPL27	4.22833663778171e-132	-0.354324728733689	0.836	0.881	1.54761349279448e-127
AC092650.1	1.90140999908333e-131	0.297163232776016	0.259	0.081	6.9593507376449e-127
RPL24	1.75842905584636e-130	-0.313178997162741	0.866	0.896	6.43602618730327e-126
LSM7	2.23370960111299e-130	-0.433200614881562	0.655	0.774	8.17560051103366e-126
SEMA4D	3.39163767976177e-129	0.778955627646254	0.768	0.645	1.24137330716961e-124
PPP1R10	7.61271667591555e-129	0.468694194320651	0.699	0.53	2.78633043055185e-124
CCL5	1.32865119787079e-128	0.532836516283001	0.941	0.92	4.86299624932689e-124
RPL10	4.94120385327851e-128	-0.337457432058697	0.912	0.92	1.80853002233847e-123
LINC01138	9.09822424164499e-128	0.865364819837969	0.5	0.291	3.33004105468448e-123
GADD45A	1.12185127404845e-127	0.704020835800269	0.768	0.666	4.10608784814472e-123
TNFRSF10D	1.25407409627016e-126	0.517941599976939	0.202	0.05	4.59003659975841e-122
NACA	3.20439032079147e-126	-0.364777025844863	0.807	0.86	1.17283890131289e-121
HECTD2	3.5692884915732e-126	0.657469489167046	0.678	0.532	1.30639528080071e-121
LBR	5.3992695653322e-126	-0.374416763187095	0.379	0.57	1.97618665360724e-121
SGMS2	1.05148930289856e-125	0.279474751694582	0.239	0.074	3.84855599753903e-121
ANTXR2	2.04749282569848e-125	0.573352719265467	0.476	0.275	7.494028491339e-121
RPL17	2.19394756883999e-125	-0.344501685130094	0.88	0.906	8.03006749671126e-121
RPS6	5.67753325574624e-125	-0.343109128465513	0.884	0.909	2.07803394693568e-120
TUBB4B	8.60177051197164e-125	-0.433988389725158	0.773	0.84	3.14833402508674e-120
EXTL2	1.44683691887397e-124	0.461826342789164	0.459	0.266	5.29556780677063e-120
PDCD1	3.95404565872304e-124	0.596289401513021	0.609	0.451	1.44722025154922e-119
RPL5	2.14995552829249e-123	-0.393925436269245	0.828	0.87	7.86905222910334e-119
RGS1	3.65947991191645e-123	0.583530489659996	0.401	0.196	1.33940624256054e-118
EEF1A1	6.69630518892947e-123	-0.396618667133785	0.942	0.939	2.45091466220007e-118
SAMD12	9.12677436979883e-123	0.497997480894946	0.358	0.165	3.34049068709007e-118
AC124014.1	1.37641058079262e-122	0.461540643464327	0.22	0.063	5.03780036675907e-118
RPL3	2.48772625176762e-122	-0.363605636658925	0.873	0.907	9.10532685409466e-118
TXN	3.66262680300895e-122	-0.413912680344982	0.78	0.841	1.34055803616931e-117
LINC00910	3.92068376844611e-122	0.770329596374225	0.463	0.253	1.43500946608896e-117
ACTN2	4.07497539636639e-122	0.322925998607974	0.135	0.017	1.49148174482406e-117
ISG20	8.59474972488339e-122	0.643769899979473	0.5	0.308	3.14576434680457e-117
C10orf105	1.01770834059321e-121	0.440094208145003	0.184	0.042	3.7249142974052e-117
CRIM1	1.82446214941141e-121	0.396193294444087	0.346	0.153	6.67771391306071e-117
HIVEP3	7.72678830775703e-121	0.619429809410167	0.812	0.739	2.82808178852215e-116
SNX10	9.61666950659118e-121	-0.292621248415439	0.274	0.466	3.51979720610744e-116
DLEU1	1.90577995744731e-120	0.629612334470303	0.447	0.251	6.97534522225289e-116
AC007384.1	3.01930694366989e-120	0.635569183417113	0.354	0.159	1.10509653445262e-115
LINC02156	3.58184902627898e-120	0.425834512039423	0.285	0.107	1.31099256210837e-115
RBM8A	1.19399588584057e-119	-0.391722407583781	0.712	0.806	4.37014434176506e-115
ACSL6	1.26411672614392e-119	0.430177915453286	0.288	0.111	4.62679362935935e-115
ATP5MC1	6.80263342926846e-119	-0.432879912893958	0.56	0.703	2.48983186144655e-114
DEC1	7.79218350627654e-119	0.322842962181369	0.209	0.059	2.85201708513228e-114
DDIT4	5.23147679268298e-118	-0.529805782289612	0.446	0.635	1.9147728208899e-113
RACK1	6.81899428497643e-118	-0.345612767166978	0.844	0.884	2.49582009824422e-113
KLF6	7.32990852144052e-117	0.658996844775665	0.791	0.733	2.68281981793245e-112
RPS26	9.22750708759629e-117	-0.323811711642842	0.883	0.903	3.37735986913112e-112
LTA	4.47476627110702e-116	0.731280067575671	0.852	0.793	1.63780920288788e-111
TSC22D3	7.22984045641171e-116	0.593155253751492	0.395	0.207	2.64619390545125e-111
METRN	8.81176168257467e-116	-0.255240538575672	0.132	0.322	3.22519289343916e-111
MTHFD2	3.0304812336237e-115	-0.392156730829949	0.73	0.813	1.10918643631861e-110
IFNG-AS1	1.24221351472872e-114	0.68525331532499	0.481	0.278	4.5466256852586e-110
BST2	3.54815781587184e-114	-0.385459057524019	0.505	0.678	1.29866124218725e-109
RPL15	8.42279660118735e-114	-0.325472651047031	0.87	0.888	3.08282778400058e-109
CDKN1A	9.32056838447146e-114	0.925581580089086	0.708	0.582	3.4114212344004e-109
CD69	9.97268762234223e-114	0.631434913928258	0.721	0.595	3.65010339665348e-109
UBC	1.13654158858704e-113	0.373096897717504	0.916	0.902	4.15985586838743e-109
WNT9A	2.99963485065376e-113	0.518152437940053	0.172	0.039	1.09789635168778e-108
AL118516.1	6.13755694415325e-113	0.36757095347479	0.433	0.223	2.24640721712953e-108
AL161421.1	9.10912943444306e-113	0.311048526225714	0.259	0.093	3.3340324643005e-108
GLS	1.16035408129824e-112	0.525109775435078	0.878	0.834	4.2470119729597e-108
RPL28	2.26353681295419e-112	-0.330641993431012	0.931	0.94	8.28477108909364e-108
ARC	2.64654631059471e-112	0.658670994440978	0.248	0.083	9.68662415140771e-108
AC009226.1	3.5094800895355e-112	0.326812222392425	0.23	0.074	1.28450480757089e-107
AL049828.1	5.21233559308091e-111	0.261436611987746	0.223	0.071	1.90776695042354e-106
FRMD4A	6.80677349194705e-111	0.34791212369111	0.182	0.046	2.49134716578754e-106
COL6A1	1.17891008041451e-110	0.255388736895391	0.19	0.051	4.31492878532513e-106
LINC00649	2.46798021364799e-110	0.39577481283854	0.422	0.222	9.03305437997301e-106
CD82	5.81290207719746e-110	0.514045505049715	0.776	0.75	2.12758028927504e-105
NFATC1	1.81895204848085e-109	0.646392583381825	0.566	0.395	6.65754639264476e-105
EGR1	1.89068968300992e-109	0.419623402045135	0.453	0.24	6.9201133087846e-105
LAX1	6.21261886381889e-109	0.382817286958875	0.433	0.235	2.27388063034635e-104
HGSNAT	9.60846803313083e-109	0.316945866960558	0.309	0.133	3.51679538480622e-104
TKT	1.07035058889216e-108	-0.379185286525483	0.568	0.713	3.91759019040419e-104
Z93241.1	2.39774851656312e-108	0.738042931300888	0.344	0.156	8.77599934547269e-104
RPL14	5.07981606159033e-108	-0.320735912365984	0.875	0.902	1.85926347670268e-103
CD96	7.60121009474657e-108	0.550809997716761	0.595	0.415	2.78211890677819e-103
TBC1D1	5.54853541732753e-107	0.405600874981841	0.469	0.284	2.03081944809605e-102
RPL35	6.99456994259347e-107	-0.315004443740946	0.897	0.92	2.56008254468864e-102
EEF2	7.10792009555193e-107	-0.359459534300475	0.849	0.88	2.60156983417296e-102
AC008696.2	8.55920843964155e-107	0.273832418857377	0.141	0.025	3.1327558809932e-102
MIR4435-2HG	8.96211149731423e-107	0.592304055086579	0.716	0.629	3.28022242913198e-102
Z99572.1	9.09732379769289e-107	0.333426885978624	0.174	0.043	3.32971148319357e-102
RPS27A	9.8939391421181e-107	-0.292191817955559	0.879	0.905	3.62128066540664e-102
RPL7A	1.14880972347803e-106	-0.297184713126755	0.905	0.917	4.20475846890194e-102
RRAD	1.55420499723956e-106	1.12273212428341	0.271	0.108	5.68854571039651e-102
AC007032.1	3.17148495141581e-106	0.318882648581893	0.288	0.116	1.1607952070677e-101
DUSP1	4.2230249343131e-106	0.466540663054645	0.466	0.268	1.54566935620794e-101
ZC3H12C	1.05776506511747e-105	0.46604027845479	0.416	0.228	3.87152591483644e-101
SERBP1	1.48649574445596e-105	-0.358608226324922	0.75	0.819	5.44072307428326e-101
LINC01588	1.72919380165227e-105	0.645933555668528	0.726	0.632	6.32902223342746e-101
AC099343.3	2.50295354996554e-105	0.379350801811289	0.274	0.106	9.16106028822889e-101
LINC02098	2.61208164814837e-105	0.457206561859796	0.208	0.064	9.56048004038786e-101
POU2AF1	4.39867896203287e-105	0.458704515346667	0.335	0.16	1.60996048689365e-100
VAV3	8.5943458719469e-105	0.426769728625891	0.432	0.241	3.14561653259128e-100
PCGF5	2.71659541131837e-104	0.508247996365823	0.756	0.713	9.94301086496636e-100
CYP1B1	3.38538346875289e-104	0.328833700784317	0.259	0.099	1.23908420339824e-99
H2AFZ	2.09002441893349e-103	-0.420058313340866	0.793	0.854	7.64969837573846e-99
SLFN5	7.19654132968998e-103	0.451665340073322	0.481	0.289	2.63400609207983e-98
RPL21	8.3473139738615e-103	-0.316147605425185	0.853	0.894	3.05520038757305e-98
AC243965.1	1.02407856152749e-102	0.392135046761101	0.159	0.037	3.74822994304678e-98
ATP5F1B	1.58216983056861e-102	-0.44389940110028	0.683	0.781	5.79089979686418e-98
LINC02255	1.75579839522325e-102	0.369390588658613	0.132	0.023	6.42639770635663e-98
OSTC	6.65079036123513e-102	-0.347490063616447	0.468	0.622	2.43425578011567e-97
ATP5MC3	1.06226983332712e-101	-0.427880738249885	0.721	0.803	3.88801381696059e-97
MDM2	1.26036916355917e-101	0.820200825144696	0.691	0.572	4.61307717554292e-97
NDUFB10	2.15058348983306e-101	-0.372361484911813	0.597	0.739	7.87135063113799e-97
CLIC1	2.19476286451847e-101	-0.386284195169424	0.734	0.81	8.03305156042406e-97
SRRM1	8.81563243055279e-101	-0.341288332549468	0.594	0.717	3.22660962590663e-96
SEPTIN11	1.14762923239346e-100	0.455065350470939	0.49	0.323	4.20043775348332e-96
SNRPE	1.24587240710515e-100	-0.375434927199089	0.665	0.759	4.56001759724557e-96
AC015849.1	1.50260127598707e-100	0.448121595211964	0.569	0.377	5.49967093024026e-96
ENOX1	1.94609714102683e-100	0.413760201974748	0.237	0.087	7.12291014587231e-96
MB	2.67781617008516e-100	0.467080505338733	0.265	0.109	9.80107496412869e-96
RPS24	2.72300838209614e-100	-0.285855529377329	0.875	0.893	9.96648297931007e-96
ANGPTL4	4.97917690941894e-100	0.407070081596019	0.199	0.059	1.82242854061643e-95
C12orf42	1.10487534718611e-98	0.377676288152606	0.127	0.022	4.04395425823588e-94
DOCK10	1.54254097536757e-98	0.628291368895452	0.758	0.697	5.64585422394283e-94
LINC00504	1.96691897637341e-98	0.322202338469208	0.16	0.039	7.19912014542434e-94
PHACTR2	2.37202295089612e-98	0.52625752674945	0.667	0.562	8.68184120257489e-94
RPS23	3.10596076508329e-98	-0.303208850978265	0.901	0.913	1.13681269962813e-93
RPS3A	3.45581467294897e-98	-0.300272266250608	0.88	0.902	1.26486272844605e-93
CAMK1D	6.87737594487372e-98	0.512314139504762	0.591	0.425	2.51718836958323e-93
TIAM2	8.01758481664447e-98	0.636755255852119	0.739	0.629	2.93451621874004e-93
KDM6B	1.51996762684143e-97	0.497967714475735	0.801	0.73	5.56323351100231e-93
ZBTB17	3.19765825829907e-97	0.516339157339288	0.451	0.269	1.17037489912004e-92
IFIH1	3.31589520992626e-97	0.28633103503521	0.288	0.125	1.21365080578511e-92
IL24	6.59772308063691e-97	0.420950502153947	0.262	0.108	2.41483262474392e-92
LINC00158	8.22285085066559e-97	0.343864516651588	0.323	0.155	3.00964563985211e-92
TRIM22	2.12427906148676e-96	0.441993187463351	0.359	0.19	7.7750737929477e-92
NR4A3	3.11858882056524e-96	0.580057454196242	0.715	0.636	1.14143469421508e-91
CCT6A	9.10646774916516e-96	-0.394414525644054	0.667	0.77	3.33305826087194e-91
HCG20	3.29144000224643e-95	0.26612886556471	0.121	0.021	1.20469995522222e-90
SNRPD1	5.58631742686117e-95	-0.338898645251579	0.696	0.779	2.04464804140546e-90
TSPOAP1-AS1	7.16137205658119e-95	0.510880274103658	0.5	0.317	2.62113378642928e-90
PA2G4	1.49587436408338e-94	-0.361414498686425	0.727	0.798	5.47504975998159e-90
MDFIC	2.85509130878372e-94	0.476340597041577	0.797	0.765	1.04499196992793e-89
CD72	1.37982656515802e-93	0.315467685607385	0.353	0.181	5.05030321113489e-89
EIF2S2	1.38886003559534e-93	-0.349803617997156	0.575	0.708	5.08336661628252e-89
MAD1L1	1.60812824413497e-93	0.500029463472257	0.439	0.268	5.8859101863584e-89
TMEM256	2.13600371695105e-93	-0.310094078572314	0.422	0.572	7.81798720441253e-89
IL7R	2.48391229614356e-93	0.47188279652963	0.437	0.272	9.09136739511505e-89
ADORA2A	2.63079704336251e-93	0.369522487367191	0.297	0.137	9.62898025841113e-89
DHRS9	3.50082850083474e-93	0.331697459230115	0.263	0.111	1.28133823959052e-88
SLC19A2	4.5284332598467e-93	0.583464366356365	0.564	0.405	1.65745185743649e-88
AC004917.1	5.14672965590395e-93	0.308504412299418	0.193	0.062	1.8837545213574e-88
GABPB1-AS1	1.71987204756644e-92	0.439033486188591	0.565	0.39	6.29490368129792e-88
SPRED2	1.94128021325446e-92	0.329935746304193	0.298	0.136	7.10527970853265e-88
BTG1	2.03046914306027e-92	0.391033796523758	0.865	0.824	7.43172011051489e-88
MTSS1	3.80482252190517e-92	0.377183309805267	0.346	0.182	1.39260309124251e-87
CAVIN3	4.89431313421487e-92	0.596331509768816	0.805	0.751	1.79136755025399e-87
RPL23	5.20074000834751e-92	-0.319919681628772	0.769	0.836	1.90352285045527e-87
RHOH	7.82206049674684e-92	0.502903343608961	0.76	0.705	2.86295236241431e-87
FBL	7.82375276210001e-92	-0.346613592981548	0.669	0.772	2.86357174845622e-87
SFPQ	1.12940797862195e-91	-0.33540566350564	0.789	0.846	4.13374614255419e-87
AIF1	2.30021950400632e-91	-0.290187457269219	0.124	0.284	8.41903340661353e-87
LINC02689	2.56253024525947e-91	0.388175246316618	0.121	0.022	9.37911695067419e-87
MT-ND5	8.75814777113471e-91	-0.561494082714241	0.691	0.804	3.20556966571301e-86
POLR2G	1.27002749828971e-90	-0.31145080640667	0.487	0.632	4.64842764649018e-86
IRF1	1.59281636613024e-90	0.482604955410661	0.634	0.505	5.82986718167329e-86
GSTP1	1.67444666965255e-90	-0.35973224038601	0.751	0.838	6.12864225559531e-86
NT5E	8.53853536873291e-90	0.439167375248124	0.391	0.225	3.12518933030993e-85
PRKDC	8.98866604812806e-90	-0.39648718287566	0.587	0.718	3.28994166027535e-85
ADRM1	1.35628193037075e-89	-0.328950944970515	0.616	0.743	4.96412749334998e-85
TCTA	2.98379557121063e-89	0.28476320736696	0.397	0.215	1.0920990170188e-84
KMT2E-AS1	3.28156550787103e-89	0.351714237065831	0.36	0.183	1.20108579153588e-84
SNRPB	1.80849890382603e-88	-0.313282266877283	0.737	0.814	6.61928683789364e-84
IMPDH2	2.50738727409745e-88	-0.366631042677822	0.662	0.763	9.17728816192407e-84
GPR55	3.85179781514268e-88	0.26407815859149	0.159	0.044	1.40979651832037e-83
PSME1	8.83129037756998e-88	-0.367729612619891	0.606	0.727	3.23234059109439e-83
BFSP2	9.16736199471784e-88	0.785202577876639	0.204	0.072	3.35534616368668e-83
CCDC26	1.40565814102081e-87	0.339355316698911	0.147	0.038	5.14484936195028e-83
USP12	2.37322826896411e-87	0.453588799481655	0.762	0.718	8.68625278723553e-83
ERRFI1	2.43429359355804e-87	0.375407491711374	0.239	0.096	8.90975798178177e-83
B3GNT5	4.11727361340094e-87	0.360634255249997	0.405	0.238	1.50696331524088e-82
GPR68	1.02495119233014e-86	0.312372725288514	0.304	0.145	3.75142385904754e-82
XRCC5	1.10139312105505e-86	-0.352829988349172	0.655	0.754	4.03120896237357e-82
ACD	1.80152083298777e-86	-0.2637326839897	0.39	0.552	6.59374640081855e-82
CPEB2	1.98317662133756e-86	0.387641531242926	0.392	0.224	7.25862475175762e-82
FOS	2.10179056878134e-86	0.43235691537721	0.584	0.41	7.69276366079658e-82
ISG15	2.2858776745181e-86	0.712739249729776	0.443	0.277	8.36654087650368e-82
IL6R	2.84030929669931e-86	0.250143448691367	0.203	0.072	1.03958160568492e-81
RPTOR	5.06408325565973e-86	0.53442830785282	0.738	0.656	1.85350511240402e-81
CDC20	6.43712660314086e-86	-0.377771930368079	0.336	0.501	2.35605270801559e-81
STXBP5-AS1	7.30307255084102e-86	0.351003855729984	0.236	0.096	2.67299758433332e-81
BATF	9.46629736720134e-85	-0.38452459754772	0.636	0.762	3.46475949936936e-80
CCND2-AS1	1.08538247794911e-84	0.343545167056592	0.211	0.079	3.97260840754154e-80
ILF2	1.25235093124004e-84	-0.33020140367369	0.65	0.749	4.58372964343168e-80
KTN1	2.08477673665143e-84	-0.353106985492208	0.611	0.732	7.63049133381788e-80
RBMS3	2.17052415604005e-84	0.554901441514906	0.243	0.104	7.94433546352218e-80
UQCR10	2.65596346502343e-84	-0.331061114739624	0.634	0.761	9.72109187833226e-80
CHSY1	3.32894406241855e-84	0.547943419073867	0.669	0.545	1.21842681628581e-79
SRP72	3.80506290917716e-84	-0.298753902383157	0.489	0.635	1.39269107538793e-79
PLSCR1	4.16938244325494e-84	0.302057499353764	0.334	0.176	1.52603566805574e-79
STX17-AS1	8.38691959121002e-84	0.418989749272071	0.434	0.27	3.06969643957878e-79
SLAMF1	1.13592405096283e-83	0.448566922646184	0.805	0.786	4.15759561892905e-79
TRAC	2.69284112584064e-83	0.495459731570026	0.61	0.527	9.85606780468932e-79
CHCHD10	4.74091523749232e-83	-0.373071778892433	0.66	0.769	1.73522238607456e-78
MIR3142HG	1.18360079472361e-82	0.370316170234423	0.332	0.172	4.33209726876788e-78
LGALS3	1.49699093525665e-82	0.541854005189693	0.612	0.498	5.47913652213286e-78
SPAG6	1.56952909691674e-82	0.287878999657544	0.153	0.042	5.74463344762495e-78
RGS2	1.76478816135089e-82	0.339288647730993	0.309	0.152	6.45930114936038e-78
PCAT1	2.47938949661622e-82	0.251890428399385	0.117	0.024	9.07481349656502e-78
NIFK	2.87391612852425e-82	-0.327628846648106	0.539	0.675	1.05188204220116e-77
NDUFA6	3.02831263001132e-82	-0.306758150246956	0.674	0.777	1.10839270571044e-77
HSP90B1	3.0433430878767e-82	-0.452491155196512	0.664	0.759	1.11389400359375e-77
UST	1.02734343199751e-81	0.453210953167518	0.437	0.272	3.76017969545409e-77
AL450998.2	1.1624158566093e-81	0.270020187501792	0.276	0.126	4.25455827677571e-77
SERTAD1	1.26783476532386e-81	0.442014151885517	0.698	0.579	4.64040202456185e-77
MT1F	2.34211720282101e-81	0.324940355857094	0.38	0.222	8.57238317404516e-77
KIAA1324	2.45945896909526e-81	0.27904930365629	0.249	0.108	9.00186577278556e-77
AL356234.2	3.47252136587651e-81	0.39640539799633	0.238	0.102	1.27097754512446e-76
NASP	5.16096230596602e-81	-0.316472525016744	0.679	0.778	1.88896381360662e-76
DDX60	5.23893017572098e-81	0.273410944199737	0.191	0.068	1.91750083361564e-76
CD9	9.71102223129091e-81	0.342880992072856	0.311	0.159	3.55433124687479e-76
PTCH2	9.83492655028163e-81	0.848842667498903	0.339	0.182	3.59968146666858e-76
SSR3	1.64997804086834e-80	-0.357687494309108	0.543	0.681	6.03908462738221e-76
PSMB8	1.85891502141253e-80	-0.33695060245924	0.649	0.744	6.803814869872e-76
DUT	3.10186023198793e-80	-0.363409935887898	0.707	0.786	1.1353118635099e-75
POP7	4.24240872542166e-80	-0.299149003392356	0.508	0.653	1.55276401759158e-75
RSL24D1	5.13359192031269e-80	-0.315926095529423	0.559	0.678	1.87894597875365e-75
KRCC1	9.77728030412316e-80	0.258223282637477	0.311	0.156	3.57858236411212e-75
NCOA7	1.83375789048302e-79	0.489954155495839	0.586	0.476	6.71173725495691e-75
HNRNPA1	1.99238501117185e-79	-0.292821207098525	0.804	0.855	7.29232837939007e-75
PHLDA2	2.21990069661326e-79	0.521395833566955	0.427	0.264	8.12505853967418e-75
RPS3	2.40755243374081e-79	-0.264243731077088	0.904	0.922	8.81188266273474e-75
AC004448.2	2.88512120811086e-79	-0.304557340576546	0.843	0.887	1.05598321338066e-74
RPL10A	3.51055274462658e-79	-0.264922242279489	0.877	0.897	1.28489741006077e-74
C11orf98	4.51409758355077e-79	-0.299418075184607	0.497	0.641	1.65220485655542e-74
MCM7	7.51440868050217e-79	-0.325005019396952	0.626	0.745	2.7503487211506e-74
ZNF583	9.79354670956539e-79	0.264631999884078	0.214	0.084	3.58453603116803e-74
SLC25A5	1.00920312795472e-78	-0.393108309586085	0.677	0.77	3.69378436862706e-74
CANX	1.06490351808133e-78	-0.369100287449347	0.623	0.73	3.89765336652946e-74
EXOSC8	1.35871909312868e-78	-0.29938098104135	0.511	0.648	4.97304775276028e-74
MT-ND1	1.41860035688202e-78	-0.389432984426016	0.672	0.787	5.19221916622387e-74
NR3C1	1.82355598314622e-78	0.498015142846315	0.713	0.622	6.6743972539135e-74
RBMS3-AS3	2.60539904915799e-78	0.288900028829007	0.127	0.031	9.53602105982317e-74
GZMB	3.07656507908032e-78	-0.629767427988043	0.81	0.867	1.12605358459419e-73
BATF3	3.50087515246971e-78	-0.412359702289238	0.43	0.566	1.28135531455544e-73
RCAN1	4.48649702435739e-78	0.817509206632545	0.382	0.243	1.64210277588505e-73
P4HB	6.34258438019808e-78	-0.40159382600043	0.635	0.769	2.3214493089963e-73
CDC20B	8.70021489032036e-78	0.405717624457727	0.28	0.139	3.18436565200615e-73
IFITM2	9.0707445140514e-78	-0.403679766431298	0.395	0.554	3.31998319958795e-73
RABGGTB	9.09915911071703e-78	-0.294100120225617	0.494	0.634	3.33038322611354e-73
DDB2	9.27080058483591e-78	0.464845656514403	0.689	0.625	3.39320572205579e-73
LINC01814	1.103413132676e-77	0.262645484807047	0.212	0.083	4.03860240690744e-73
PRAG1	1.45380962796151e-77	0.342312677050652	0.375	0.213	5.32108861930193e-73
OAS2	2.54527663698627e-77	0.321586373462539	0.355	0.203	9.31596701903343e-73
PHB2	4.494492993172e-77	-0.32837514783459	0.65	0.754	1.64502938043088e-72
PSMA3	5.62059994360233e-77	-0.308421421867152	0.582	0.704	2.05719578535789e-72
TRAF1	7.48145191107863e-77	0.509914631369887	0.877	0.84	2.73828621397389e-72
GMPS	2.65239725069735e-76	-0.256401815727939	0.453	0.6	9.70803917727737e-72
PLAU	3.1836318891307e-76	0.289407700523729	0.185	0.066	1.16524110774073e-71
TRIM44	3.93184699119248e-76	0.368665477904398	0.413	0.258	1.43909531724636e-71
EIF2S3	4.85423854379537e-76	-0.31782646002566	0.567	0.685	1.77669984941454e-71
NIBAN1	5.20086684025491e-76	0.514250558821632	0.773	0.719	1.9035692722017e-71
BAZ1B	5.27247297137604e-76	-0.288292553839907	0.523	0.663	1.92977783225335e-71
ATP5F1A	6.59237322382648e-76	-0.31043379669156	0.583	0.709	2.41287452365273e-71
PSMD11	7.85718313890221e-76	-0.280867348204729	0.503	0.635	2.8758076006696e-71
ANKMY1	8.8023505175501e-76	0.306730723987908	0.297	0.146	3.22174831292851e-71
AC068733.3	1.33383543366309e-75	0.359996607792484	0.279	0.137	4.88197107075028e-71
SEC11C	1.82543947469056e-75	-0.325917508193873	0.584	0.703	6.68129102131491e-71
NAA10	2.98224094939678e-75	-0.313784797614999	0.608	0.736	1.09153000988871e-70
AL031728.1	3.66065267973277e-75	0.266886001155227	0.147	0.044	1.33983548730899e-70
MT-CYB	4.16133639071381e-75	-0.540924299105765	0.663	0.775	1.52309073236516e-70
AL355490.2	4.4903875426864e-75	0.32065747727527	0.143	0.041	1.64352674449865e-70
STAT1	8.12460066227452e-75	0.468801435268868	0.612	0.498	2.9736850883991e-70
RBM25	1.74796885380856e-74	-0.269521869328464	0.585	0.705	6.3977408018247e-70
RPL4	1.7921644906442e-74	-0.260384871507427	0.821	0.868	6.55950125220685e-70
STOML2	2.86393740723058e-74	-0.326614412097372	0.621	0.737	1.04822973042046e-69
GCNT1	3.42746059416384e-74	0.490818091111836	0.617	0.5	1.25448485206991e-69
MT-CO3	4.31404735974961e-74	-0.560806907451828	0.653	0.768	1.57898447414195e-69
MT-ND4L	5.3949180241275e-74	-0.570749127367148	0.622	0.748	1.9745939460109e-69
RPL31	5.47553917711796e-74	-0.264832554949781	0.841	0.875	2.00410209421694e-69
SDF2L1	5.85578786748435e-74	-0.398228602251331	0.502	0.639	2.14327691737795e-69
KCTD19	6.39873965869074e-74	0.281715842181888	0.138	0.039	2.3420027024774e-69
MT-ND3	6.49300552354101e-74	-0.574767562935628	0.544	0.688	2.37650495167125e-69
SPEF2	7.02457243657596e-74	0.3481607666524	0.338	0.188	2.57106375751117e-69
ZNFX1	1.18629787265241e-73	0.426893847857278	0.682	0.585	4.34196884369508e-69
FOXP1	1.35647528042298e-73	0.436354045468386	0.777	0.721	4.96483517387615e-69
SMARCA2	1.38219587227635e-73	0.551039934649563	0.685	0.593	5.05897511211866e-69
LAT	2.31163881907362e-73	-0.354171949184846	0.637	0.764	8.46082924169136e-69
FGGY	2.39679595831592e-73	0.405630982575959	0.413	0.259	8.77251288703208e-69
CDK2AP1	2.64670862965389e-73	0.453830016361359	0.522	0.455	9.6872182553962e-69
PABPC1	2.73642565322543e-73	-0.261639988192438	0.82	0.861	1.00155915333704e-68
UQCRH	3.20652193510818e-73	-0.310883331670033	0.69	0.783	1.17361909346895e-68
SLC25A3	3.45860863561121e-73	-0.333555552531483	0.714	0.802	1.26588534672006e-68
EIF3A	4.51207469434858e-73	-0.307292340314799	0.692	0.787	1.65146445887852e-68
ALPK2	6.14022241527905e-73	0.29750709416656	0.153	0.049	2.24738280621629e-68
EIF3K	7.42711558476875e-73	-0.296570616978767	0.659	0.763	2.71839857518121e-68
EIF3E	9.85873685375716e-73	-0.311532031662447	0.581	0.707	3.60839627584366e-68
AC018816.1	1.51840170394813e-72	0.394448269246383	0.293	0.152	5.55750207662054e-68
CCT4	2.10194852468906e-72	-0.302616130822667	0.686	0.774	7.69334179521443e-68
OSBPL3	2.57768241782208e-72	0.487032858892347	0.709	0.64	9.4345754174706e-68
KRTCAP2	2.98261607574752e-72	-0.307701337466298	0.594	0.719	1.09166730988435e-67
KDELR2	6.60750100267162e-72	-0.278783310446717	0.437	0.579	2.41841144198784e-67
LINC01004	7.31310923322177e-72	0.33591073102165	0.326	0.175	2.6766711104515e-67
RPL29	8.67898481698064e-72	-0.25016201763847	0.905	0.922	3.17659523286308e-67
GRAMD4	9.97340952114824e-72	0.313498072429406	0.308	0.162	3.65036761883547e-67
SATB1	1.11621503550084e-71	-0.311798032023154	0.349	0.503	4.08545865143662e-67
IL4I1	1.13064372733901e-71	0.448846264592915	0.569	0.42	4.13826910643353e-67
LTB	1.21951625031543e-71	0.549396783757593	0.669	0.583	4.4635514277795e-67
PLEC	2.01064068881548e-71	0.579335186643573	0.659	0.538	7.35914598513353e-67
NSMCE1-DT	2.16215210504508e-71	0.286608293844029	0.163	0.056	7.91369291967552e-67
RAB11FIP1	2.25489787611973e-71	0.433601676849658	0.734	0.699	8.25315171638581e-67
AL390957.1	2.37928606054058e-71	0.331077059392602	0.148	0.046	8.70842491018458e-67
TRAPPC2L	3.73894447539091e-71	-0.278913147553047	0.498	0.633	1.36849106743783e-66
IL26	1.6259697029726e-70	0.325641116924977	0.263	0.125	5.95121170985002e-66
AC020916.1	1.69261865549801e-70	0.428802050691146	0.526	0.363	6.19515354098827e-66
SEC61G	2.32152497654407e-70	-0.303418512681537	0.652	0.757	8.49701356664896e-66
FP236383.3	4.88290979703492e-70	0.784293401145559	0.995	0.992	1.78719381481275e-65
PSME2	5.28375996686619e-70	-0.305633423340673	0.702	0.799	1.93390898547269e-65
DTX3L	5.30640750227877e-70	0.258165527272813	0.249	0.118	1.94219820990905e-65
PDLIM4	5.3081250746679e-70	0.259084907072837	0.258	0.125	1.9428268585792e-65
GARS	5.31253675778904e-70	-0.324486405405577	0.584	0.701	1.94444157871837e-65
AL450992.3	5.54706286621288e-70	0.396263327310831	0.243	0.112	2.03028047966258e-65
SERPINB9	7.12319133788761e-70	0.58844355651325	0.715	0.602	2.60715926158024e-65
AL360012.1	7.47248810557732e-70	0.327341807843568	0.137	0.041	2.73500537152236e-65
OTUD7B	8.96251908957569e-70	0.508455668115222	0.654	0.54	3.2803716119756e-65
AKT3	9.09600005206006e-70	0.479959515606328	0.624	0.51	3.3292269790545e-65
HMGCS1	1.15435444037964e-69	0.531510396592119	0.791	0.746	4.22505268723352e-65
IL21R	1.20517347679489e-69	0.487584415776425	0.66	0.55	4.41105544241699e-65
DCTPP1	1.3238006801415e-69	-0.315320299402136	0.578	0.705	4.84524286938592e-65
PTMS	1.38735000144649e-69	0.442221101571564	0.664	0.596	5.07783974029431e-65
CCDC18-AS1	2.05444042857552e-69	0.30815025546163	0.375	0.22	7.51945741262927e-65
PCLAF	2.14753097149593e-69	-0.357663150973235	0.583	0.693	7.86017810877227e-65
TAGAP	2.44607201136827e-69	0.40847659500827	0.648	0.528	8.95286816880899e-65
AP002381.2	3.37536074998111e-69	0.371136560426589	0.38	0.222	1.23541578810059e-64
RUNX2	3.4027887905394e-69	0.529812735477103	0.631	0.515	1.24545472522533e-64
ZC3H4	7.00099141792473e-69	0.3565634222887	0.365	0.21	2.56243286887463e-64
HIVEP1	9.26684759634403e-69	0.482583610342714	0.652	0.548	3.39175888873788e-64
LRRC8B	9.73772152754448e-69	0.498287048788222	0.66	0.567	3.56410345629656e-64
GNAS	1.16845599229338e-68	0.315595300813322	0.857	0.859	4.27666577739301e-64
SDCBP	1.38566591691095e-68	0.441977883287624	0.692	0.613	5.07167582248576e-64
OLA1	1.57341604665942e-68	-0.280102918874976	0.554	0.679	5.75886007237815e-64
TNFRSF4	1.85190555993208e-68	0.562048540262653	0.549	0.399	6.77815953990741e-64
RRM2	1.96200146333455e-68	-0.381976355296317	0.669	0.772	7.18112155595077e-64
AC004687.1	1.98155652983572e-68	0.352731882099629	0.727	0.605	7.25269505485171e-64
BTF3	4.14142409817608e-68	-0.313695665624347	0.761	0.816	1.51580263417343e-63
HSP90AA1	5.61346971542471e-68	-0.328096889669853	0.852	0.876	2.0545860505426e-63
UBE2C	6.60027298515478e-68	-0.482873162203429	0.441	0.58	2.4157659152965e-63
ZBED2	7.7923507070482e-68	-0.4034125862423	0.806	0.854	2.85207828228671e-63
PATL2	9.14193400372726e-68	0.30038689656352	0.299	0.157	3.34603926470421e-63
STIP1	9.4127083432879e-68	-0.287064608197809	0.591	0.715	3.4451453807268e-63
PRR13	1.42100018694201e-67	-0.287499137336913	0.575	0.698	5.20100278422645e-63
AL136456.1	2.23482522366162e-67	0.26131391817054	0.248	0.116	8.17968380112389e-63
MT-CO1	2.29132095033388e-67	-0.469000813065096	0.749	0.833	8.38646381031703e-63
LINC02341	2.35055950459238e-67	0.553659887617616	0.635	0.527	8.60328284275857e-63
XRN2	2.58755913028124e-67	-0.273138925977504	0.529	0.654	9.47072517274237e-63
NDUFB9	3.26278598811854e-67	-0.282875873287436	0.639	0.754	1.19421229951127e-62
XXYLT1	6.13417439181787e-67	0.318114179263392	0.268	0.136	2.24516916914926e-62
MCF2L2	6.29586230205018e-67	0.329536848010891	0.361	0.213	2.30434856117339e-62
SLC30A1	7.22910720488661e-67	0.47559118707787	0.471	0.335	2.64592552806055e-62
MAGOH	9.25412030121888e-67	-0.273522058692536	0.575	0.695	3.38710057144912e-62
MRPL41	1.01965183785014e-66	-0.289606023150055	0.683	0.782	3.73202769171529e-62
ZNF562	1.34732498681356e-66	0.282744747740979	0.366	0.219	4.93134418423632e-62
GAS7	3.98585615958397e-66	0.259623105239744	0.215	0.094	1.45886321296933e-61
CLCF1	4.71741994672414e-66	0.397953281709136	0.269	0.135	1.7266228747005e-61
SUZ12	4.92092772041349e-66	-0.260297617100246	0.532	0.66	1.80110875494854e-61
TOMM20	5.57206558171393e-66	-0.259471373328676	0.563	0.683	2.03943172356311e-61
KLF10	6.49254274861086e-66	0.377062681477301	0.497	0.348	2.37633557141906e-61
SNRPD2	1.04567984588953e-65	-0.264292592307998	0.816	0.863	3.82729280394026e-61
AL138724.1	1.07001676353823e-65	0.372182731181391	0.525	0.389	3.91636835622628e-61
FKBP4	1.98698835377146e-65	-0.25688052790201	0.463	0.607	7.27257607363891e-61
AL135925.1	2.32471010113825e-65	0.360355928820298	0.446	0.297	8.50867144117609e-61
PDCD5	3.46308234438022e-65	-0.290285228291765	0.703	0.782	1.26752276886661e-60
SLC4A10	3.71426554305244e-65	0.311267173562038	0.177	0.068	1.35945833141262e-60
PKM	7.11035252203451e-65	0.264831476405405	0.913	0.901	2.60246012658985e-60
MT-ND6	7.36764503073199e-65	-0.529969562751791	0.55	0.683	2.69663175769822e-60
SP110	8.58034991452733e-65	0.346637821332382	0.474	0.343	3.14049387221615e-60
EBP	8.76784606810091e-65	-0.263608427808639	0.444	0.579	3.20911933938561e-60
EMD	1.03772229358099e-64	-0.258117986897703	0.533	0.658	3.79816736673577e-60
FAM174B	1.19680078823904e-64	0.296283241948063	0.205	0.089	4.38041056503369e-60
YWHAB	1.60096649472722e-64	-0.267857300704694	0.681	0.771	5.85969746735111e-60
EPRS	1.64775315426533e-64	-0.293773997586659	0.539	0.658	6.03094131992652e-60
SELENOW	1.84531948741142e-64	-0.278866817473487	0.637	0.741	6.75405385587452e-60
MT-CO2	1.99591813772915e-64	-0.499192636131168	0.656	0.769	7.30525997590245e-60
RGS16	2.02010654944798e-64	0.379206942789361	0.72	0.617	7.39379198163457e-60
SNU13	2.151256884144e-64	-0.273072095028555	0.726	0.807	7.87381532165544e-60
SPIDR	3.4351963703112e-64	-0.284824594243002	0.355	0.504	1.2573162234976e-59
ATP5F1C	4.73822139774616e-64	-0.279704084562846	0.556	0.681	1.73423641378907e-59
SNRPF	5.52503790009009e-64	-0.277694173019939	0.674	0.764	2.02221912181197e-59
AC025164.1	6.21695473462903e-64	0.279830947457861	0.207	0.089	2.27546760242157e-59
SYNJ2	6.38554898343984e-64	0.360731708864134	0.526	0.406	2.33717478342882e-59
TMEM258	8.16630241846532e-64	-0.286617466950107	0.611	0.718	2.98894834818249e-59
IARS	1.12460806362418e-63	-0.287061609789548	0.573	0.688	4.11617797367085e-59
UBE2I	1.28695277824068e-63	-0.26756004250727	0.587	0.7	4.71037586363873e-59
ATP5PO	1.72447132017431e-63	-0.290897679141619	0.586	0.708	6.31173747897001e-59
HIST1H1C	1.99802055847541e-63	0.5863068515719	0.701	0.584	7.31295504607584e-59
HSPE1	2.24066973038327e-63	-0.30612794746256	0.77	0.832	8.20107528017579e-59
ILF3	2.61162973191631e-63	-0.266093688398448	0.605	0.727	9.55882598178689e-59
KLHL21	2.65868886066581e-63	0.313435786214716	0.372	0.225	9.73106709892294e-59
ESYT2	3.35006193146145e-63	0.440112965867718	0.607	0.489	1.2261561675342e-58
SRPK1	3.39193369889687e-63	-0.277780064450007	0.536	0.661	1.24148165313324e-58
ETHE1	4.31292839681515e-63	-0.256538247572291	0.364	0.499	1.57857492251831e-58
XRCC6	4.88948750786161e-63	-0.270475714648926	0.628	0.749	1.78960132275243e-58
PTGES3	7.38689166803745e-63	-0.289462683458634	0.724	0.793	2.70367621941839e-58
PSMD8	1.16604863856883e-62	-0.277043918463378	0.649	0.752	4.26785462202577e-58
CD226	1.44038380770843e-62	0.584681027170052	0.685	0.607	5.27194877459363e-58
IL15RA	2.086286540393e-62	0.261218017155464	0.398	0.258	7.63601736649241e-58
COL6A2	2.3827380117918e-62	0.278480024304356	0.226	0.107	8.72105939695918e-58
RASGRF2	3.18561773515215e-62	0.304074556749174	0.403	0.26	1.16596794724304e-57
COX7C	4.36088235911972e-62	-0.267244039177292	0.731	0.797	1.59612655226141e-57
TCP1	5.20793634259987e-62	-0.296781373594235	0.629	0.739	1.90615678075498e-57
PHB	5.97516267154337e-62	-0.285210884565027	0.626	0.741	2.18696928941159e-57
PLEKHF1	8.58074123006924e-62	0.336063136063707	0.379	0.246	3.14063709761764e-57
TOX	9.22768238616473e-62	0.499142041961187	0.434	0.282	3.37742403016015e-57
LDHB	9.71894078515988e-62	-0.321600516072594	0.721	0.801	3.55722951677637e-57
PIK3R5	1.16007128174115e-61	0.310641471379524	0.343	0.201	4.24597689830078e-57
TPX2	1.25775844820987e-61	-0.315341079901284	0.351	0.487	4.60352169629294e-57
DRAIC	1.46896114146746e-61	0.273516462479222	0.132	0.042	5.37654467388504e-57
EEF1G	1.78138700575449e-61	-0.260698071366947	0.786	0.845	6.52005457976201e-57
HMGN2	1.86009282541506e-61	-0.28636573749481	0.795	0.825	6.80812575030166e-57
HIST1H1E	1.95421253971471e-61	0.578423323286978	0.859	0.731	7.15261331660981e-57
ANKRD28	3.42616430627151e-61	0.491768702477032	0.686	0.602	1.25401039773844e-56
STMN1	3.43628613636873e-61	-0.308029715205718	0.661	0.747	1.25771508877232e-56
AL136962.1	4.40273817655929e-61	0.34158934526087	0.347	0.204	1.61144620000247e-56
PVT1	4.57224841633223e-61	0.480705309045879	0.742	0.688	1.67348864286176e-56
AC083880.1	5.16649198124256e-61	0.383168351596258	0.286	0.154	1.89098773005459e-56
PPA1	8.8821027293919e-61	-0.299194817414418	0.678	0.763	3.25093841998473e-56
TPR	9.24659008640847e-61	-0.258866983647936	0.553	0.667	3.38434443752636e-56
GSTK1	9.81765609933599e-61	-0.271004141296799	0.496	0.622	3.59336030891797e-56
CSF1	1.05208238461357e-60	0.519947517290195	0.707	0.625	3.85072673592413e-56
MRPS6	1.57141769330699e-60	0.520186770502403	0.669	0.661	5.75154589927291e-56
TNFSF8	2.06419388359751e-60	0.376177809355606	0.316	0.181	7.55515603335524e-56
CKS2	2.23715457677536e-60	-0.378058183103175	0.671	0.747	8.18820946645549e-56
AC103591.3	4.68853090479392e-60	0.494455934853935	0.165	0.064	1.71604919646362e-55
SLC39A10	5.32617424092701e-60	0.515649039886378	0.461	0.318	1.94943303392169e-55
NCL	6.48526640426487e-60	-0.26319103169569	0.857	0.88	2.37367235662498e-55
CCT2	8.50639516505489e-60	-0.286804167601361	0.661	0.75	3.11342569436174e-55
GNAI2	9.17910000649628e-60	-0.258104203853542	0.585	0.698	3.3596423933777e-55
CCNB1	1.16407706953005e-59	-0.330082162994924	0.413	0.543	4.26063848218695e-55
LRIF1	1.19209309443245e-59	0.352808477269865	0.458	0.319	4.36317993493222e-55
RAB30-DT	1.29252334440044e-59	0.269805178046406	0.438	0.294	4.73076469284007e-55
RUNX3	1.49221939936348e-59	0.395901974679605	0.802	0.778	5.46167222361027e-55
FP671120.4	1.78890741230217e-59	0.757540340571002	0.85	0.794	6.54758001976718e-55
ACTB	1.82169009307984e-59	-0.314874139024763	0.935	0.926	6.66756790968151e-55
CYBA	3.02185705965408e-59	-0.300594951803934	0.693	0.804	1.10602990240399e-54
SET	3.65796920301017e-59	-0.263646414143479	0.745	0.809	1.33885330799375e-54
TUBA1A	6.53977854260653e-59	-0.279078390006549	0.567	0.684	2.39362434437941e-54
RNF19A	9.42004231142093e-59	0.346667424468954	0.81	0.8	3.44782968640317e-54
EBNA1BP2	1.30508961072699e-58	-0.2691956087297	0.628	0.734	4.77675848422185e-54
SLC43A2	1.36197532107741e-58	0.255085487816618	0.21	0.098	4.98496587267543e-54
GALNT2	1.46836026255528e-58	0.402225261654839	0.615	0.529	5.37434539697859e-54
EWSR1	1.60049771926938e-58	-0.256478484574051	0.669	0.762	5.85798170229784e-54
ANP32B	1.67876754025416e-58	-0.262720574906598	0.744	0.808	6.14445707408423e-54
MCM5	1.81802673442068e-58	-0.299554895301878	0.522	0.649	6.65415965065314e-54
AC017002.5	2.44108506314481e-58	0.262238923394361	0.267	0.141	8.9346154396163e-54
GALM	2.51601448667195e-58	0.404016910279932	0.651	0.563	9.20886462266799e-54
TMSB4X	2.55685013263361e-58	-0.30055170092383	0.904	0.912	9.35832717045229e-54
AL121985.1	3.51804019010167e-58	0.397432569784216	0.246	0.128	1.28763788997911e-53
IL4R	3.71722997173489e-58	0.360521574812137	0.514	0.382	1.36054334195469e-53
SMG9	5.47997239402617e-58	0.297208229639226	0.377	0.243	2.00572469593752e-53
VIM-AS1	5.48292832672303e-58	0.331643819104377	0.38	0.243	2.0068065968639e-53
U2SURP	5.5501347241201e-58	-0.274006555722073	0.56	0.678	2.0314048103752e-53
ARPC1B	6.23350276496547e-58	-0.278193234902964	0.696	0.787	2.28152434700501e-53
NDUFB6	9.43783855550303e-58	-0.260889411260437	0.557	0.683	3.45434328969967e-53
LSM2	1.31917103256255e-57	-0.288321756735111	0.559	0.674	4.82829789628221e-53
GNL3	1.48662721931619e-57	-0.330506272980319	0.635	0.716	5.44120428541918e-53
UQCRC1	1.53172159608945e-57	-0.278288628303603	0.599	0.722	5.60625421384698e-53
KPNA2	2.04244123537737e-57	-0.323938302063775	0.634	0.736	7.47553916560472e-53
SNRPG	2.17247129366826e-57	-0.257711904734053	0.745	0.805	7.95146218195518e-53
GSTO1	2.4838838160973e-57	-0.257053421839445	0.546	0.664	9.09126315529771e-53
ZNF706	2.5317891028884e-57	-0.275557601015729	0.664	0.743	9.26660129548185e-53
SGK1	3.15167162022044e-57	0.310538921059293	0.432	0.291	1.15354332971688e-52
TOMM7	3.16570145936922e-57	-0.267285185627344	0.668	0.767	1.15867839114373e-52
S100A4	4.5893322419808e-57	0.57519013358974	0.689	0.669	1.67974149388739e-52
AC053513.1	5.02993207272688e-57	0.318636089838445	0.227	0.112	1.84100543793877e-52
TALDO1	7.92580547744743e-57	-0.262940939818591	0.574	0.687	2.90092406280053e-52
MYO1E	1.62296283664996e-56	0.398775085413868	0.341	0.212	5.94020627842252e-52
AC243960.1	1.8128433187982e-56	0.301098128235301	0.43	0.288	6.63518783113328e-52
BACH1	2.30471599281965e-56	0.421915772963592	0.59	0.476	8.43549100531919e-52
SP100	2.47495433271948e-56	0.368786086600111	0.544	0.447	9.05858035318655e-52
ADRB2	2.50534451745384e-56	0.410755381523495	0.208	0.098	9.16981146833278e-52
RGCC	3.84568187138217e-56	0.38010111656971	0.901	0.868	1.40755802174459e-51
OXLD1	4.92292217423471e-56	0.315790359579659	0.512	0.386	1.80183874499165e-51
SURF4	1.1883236019361e-55	-0.259025578661815	0.606	0.726	4.34938321544633e-51
TTF2	1.23764887185599e-55	0.445532573054484	0.625	0.533	4.52991863588012e-51
NDUFS5	1.71090309280963e-55	-0.250064186905079	0.728	0.811	6.26207640999251e-51
MGAT5	1.75273883659547e-55	0.425896493635739	0.542	0.427	6.41519941582309e-51
HSD17B10	2.18824518254142e-55	-0.259751705707432	0.548	0.666	8.00919619261983e-51
PRKCA	2.23598730064054e-55	0.420041725440991	0.804	0.783	8.18393711907446e-51
PLAGL1	2.54801539626729e-55	0.268049906908481	0.351	0.221	9.3259911518779e-51
HYMAI	4.14304348915829e-55	0.273674546588613	0.134	0.048	1.51639534746683e-50
PSMD12	5.49139343764965e-55	-0.261803682191786	0.603	0.707	2.00990491211415e-50
SEMA7A	5.61722358050612e-55	0.479092292814764	0.635	0.55	2.05596000270104e-50
PDIA3	6.16021026919338e-55	-0.29195862111848	0.621	0.722	2.25469856062747e-50
MLF1	6.30004204867902e-55	0.255349971223721	0.286	0.16	2.30587839023701e-50
PRMT1	7.02519275551544e-55	-0.262316175738028	0.695	0.788	2.57129080044621e-50
HECW2	7.04598963245174e-55	0.281782166018557	0.192	0.087	2.57890266537366e-50
KLF9	1.19882130545452e-54	0.354014777788487	0.514	0.408	4.38780586009407e-50
TNFRSF10B	1.3975461843892e-54	0.409974727818229	0.424	0.285	5.11515878948291e-50
SRI	1.41368344836458e-54	-0.269045431758439	0.626	0.73	5.1742227893592e-50
TNFRSF12A	1.84638874098104e-54	0.29555763699939	0.405	0.271	6.75796743086469e-50
STAT4	2.16028199120435e-54	0.352410459170524	0.494	0.364	7.90684811600705e-50
CFL1	3.10882903065046e-54	-0.250759236493315	0.826	0.863	1.13786251350838e-49
IFI6	3.28890889710254e-54	0.457971391592599	0.266	0.152	1.2037735454285e-49
NFATC2	3.4389418709766e-54	0.454956398871492	0.746	0.686	1.25868711419615e-49
AC011603.2	3.62225686205927e-54	-0.252051847507161	0.394	0.531	1.32578223408231e-49
RARG	5.05283999797979e-54	0.28682429932065	0.302	0.178	1.84938996766058e-49
LINC01215	5.64341139929275e-54	0.289248510601538	0.423	0.293	2.06554500625514e-49
DUSP2	7.21777784461857e-54	0.302448036313742	0.89	0.874	2.64177886890884e-49
NUDT21	9.79552118413917e-54	-0.251758307678325	0.589	0.704	3.58525870860678e-49
SRSF9	1.12131605353269e-53	-0.273154402366932	0.641	0.733	4.10412888753501e-49
MKI67	1.20071236725831e-53	-0.317389649697776	0.538	0.661	4.39472733540216e-49
FKBP11	1.26449940927312e-53	-0.29183830183116	0.556	0.681	4.62819428788055e-49
APOBEC3B	2.99258814032487e-53	0.289786881817572	0.375	0.25	1.09531718524031e-48
HIVEP2	4.33251193453454e-53	0.42067535468696	0.673	0.583	1.58574269315899e-48
MT-ND4	5.25363223386011e-53	-0.367774869542974	0.649	0.763	1.92288193391514e-48
PTPN22	5.42689011518707e-53	0.397817750877431	0.591	0.503	1.98629605105962e-48
NAP1L1	7.31681614769639e-53	-0.257957882991093	0.728	0.797	2.67802787821836e-48
ANXA5	1.09044674296492e-52	0.402189989743107	0.639	0.602	3.9911441239259e-48
GNPDA1	1.86212249336253e-52	0.252849711978712	0.416	0.299	6.81555453795618e-48
TAB2	2.00893534559541e-52	0.414096075285957	0.754	0.69	7.35290425841375e-48
ANP32E	2.53272780736697e-52	-0.263121390147919	0.616	0.718	9.27003704774384e-48
ATP5MC2	5.33008805508369e-52	-0.270667452542089	0.71	0.784	1.95086552904118e-47
MAPRE2	5.60151909129365e-52	0.286382786858182	0.523	0.415	2.05021200260439e-47
PIGV	5.99614572822631e-52	0.254350478608639	0.321	0.197	2.19464929798811e-47
SSBP1	6.12306465196091e-52	-0.251718006349602	0.645	0.731	2.24110289326421e-47
SMAD3	6.3117762785508e-52	0.307540356268777	0.196	0.092	2.31017323571238e-47
FAM136A	1.31133836731416e-51	-0.261511028894177	0.545	0.656	4.79962955820657e-47
CCT8	2.25691313945271e-51	-0.268465632097902	0.632	0.73	8.26052778171086e-47
ANKH	2.46743720840041e-51	0.477649468432156	0.633	0.566	9.03106692646635e-47
CALR	2.59259349956562e-51	-0.300390471712213	0.735	0.801	9.48915146776012e-47
AURKB	2.76165487321659e-51	-0.25706142210196	0.397	0.527	1.010793300146e-46
TOP2A	2.76686970493428e-51	-0.259986481252979	0.352	0.478	1.01270198070299e-46
SNHG25	3.62491832263474e-51	0.372254381831177	0.494	0.361	1.32675635526754e-46
MAST4	5.14082583478413e-51	0.490779242249777	0.601	0.504	1.88159366378934e-46
SSR2	7.85934916169213e-51	-0.255301961919441	0.569	0.684	2.87660038667094e-46
LYST	2.26203485962614e-50	0.3409930813022	0.728	0.714	8.27927378971763e-46
HMGN1	2.75323019098495e-50	-0.258036331903879	0.66	0.747	1.0077097822024e-45
CCL20	5.11607965328427e-50	0.408442605672013	0.299	0.174	1.87253631389858e-45
MHENCR	5.23194840312213e-50	0.264482433271441	0.293	0.169	1.91494543502673e-45
PLK2	5.57582863530451e-50	0.381140568571287	0.107	0.034	2.0408090388078e-45
ALYREF	8.37774725965488e-50	-0.269602798019663	0.664	0.756	3.06633927450628e-45
KIAA0513	8.96556267287256e-50	0.298405237920359	0.337	0.211	3.28148559389808e-45
ABL2	1.15744370556261e-49	0.309977456465397	0.352	0.232	4.2363597067297e-45
RANBP1	1.79282160087596e-49	-0.25319726478141	0.714	0.793	6.56190634136611e-45
PTPRC	1.79365839760872e-49	-0.259146534685653	0.666	0.755	6.56496910108767e-45
MRPS26	1.95106411192588e-49	-0.290388661572678	0.525	0.639	7.14108975605992e-45
PDIA6	2.74274912318595e-49	-0.280905899800246	0.6	0.714	1.00387360657729e-44
EIF5B	3.0599680009263e-49	-0.264980168328882	0.623	0.728	1.11997888801904e-44
CENPE	3.23991725656647e-49	-0.275007547840076	0.261	0.376	1.18584211507589e-44
PSMB1	3.28193980569057e-49	-0.252498543855676	0.677	0.779	1.20122278828081e-44
ZFP36L1	7.84860326158542e-49	0.33236965937236	0.801	0.781	2.87266727977288e-44
NPW	1.01956372161615e-48	0.313531047584514	0.387	0.262	3.73170517748728e-44
ELMO1	1.62867277028274e-48	0.468546647376161	0.695	0.65	5.96110520651187e-44
SQSTM1	2.03112457812414e-48	0.395888196348463	0.78	0.742	7.43411906839218e-44
CD7	2.68796666181425e-48	-0.403249155341042	0.414	0.527	9.83822677890632e-44
AL109741.1	3.39993729426564e-48	0.25890334894441	0.259	0.147	1.24441104907417e-43
RORA-AS1	3.74739746576869e-48	0.30246435832985	0.358	0.232	1.371584946446e-43
FOSL1	5.54177585204047e-48	0.403218263000058	0.612	0.511	2.02834537960533e-43
FOSB	7.02218077915646e-48	0.314820600632916	0.525	0.405	2.57018838697906e-43
MEAK7	7.82683947033801e-48	0.296465008949089	0.181	0.086	2.86470151453842e-43
TCAF2	1.07538240759527e-47	0.292914964109404	0.415	0.29	3.93600715003945e-43
ARMH1	1.08246341965039e-47	0.41235859756601	0.446	0.322	3.96192436226241e-43
FMNL1	1.50996580111085e-47	0.393347915804822	0.59	0.493	5.52662582864582e-43
CSNK2B	1.6463514403069e-47	-0.260518443564155	0.65	0.75	6.02581090666728e-43
SON	1.87951209330396e-47	-0.250092820244224	0.668	0.767	6.87920221270182e-43
IER5	2.59891031892944e-47	0.327111117611479	0.622	0.516	9.51227165831364e-43
BIRC3	2.8716720227508e-47	-0.324629107044358	0.551	0.655	1.05106067704702e-42
RRP12	4.7765679928236e-47	0.519667263370859	0.703	0.638	1.74827165105337e-42
NRIP1	4.83975866486107e-47	0.307666141867615	0.402	0.278	1.7714000689258e-42
AC112721.2	5.76055475505809e-47	0.349622093866523	0.421	0.304	2.10842064589881e-42
PRKAG2	5.88480010014262e-47	0.312397371128076	0.427	0.304	2.1538956846532e-42
POMC	5.99551522498167e-47	0.250777182277576	0.267	0.154	2.19441852749554e-42
AL138720.1	1.08033280811306e-46	0.449875450024443	0.561	0.445	3.95412611097462e-42
INPP4B	1.32108059448768e-46	0.506314090233474	0.656	0.586	4.83528708388435e-42
CXCR3	1.37918471942803e-46	0.440715271156368	0.656	0.605	5.04795399157854e-42
CD84	1.87808178559102e-46	0.348368033876521	0.514	0.407	6.87396714344169e-42
PLCB1	2.90807078624922e-46	0.372828020846632	0.55	0.424	1.06438298847508e-41
IL23R	4.04401684889912e-46	0.303849877694388	0.338	0.216	1.48015060686557e-41
ZFPM1	6.67297942910544e-46	0.289749370999234	0.445	0.318	2.44237720084688e-41
PLK3	8.70746215051621e-46	0.326058179087157	0.759	0.727	3.18701822171044e-41
RASD1	3.73306029066622e-45	0.360641025849546	0.194	0.096	1.36633739698675e-40
EPC1	4.55467054128827e-45	0.279054726047581	0.694	0.651	1.66705496481692e-40
VAMP1	6.23866721954966e-45	0.260235582466103	0.268	0.156	2.28341458902737e-40
CELF2	8.0408390771633e-45	0.398773526709682	0.767	0.745	2.94302751063254e-40
NEU1	1.65369941580508e-44	0.461908567315411	0.523	0.435	6.05270523178818e-40
ERH	3.96893503343228e-44	-0.251886953018156	0.676	0.758	1.45266991158655e-39
VOPP1	9.68998977153762e-44	0.420968779042976	0.541	0.441	3.54663315628048e-39
HMGA1	1.0047941700635e-43	-0.293915528847238	0.673	0.748	3.6776471418494e-39
KDM5B	2.31592175250319e-43	0.493806516694598	0.476	0.367	8.47650520633691e-39
ELF1	2.46415546783811e-43	0.37439410568579	0.686	0.64	9.01905542783425e-39
BCL2L11	2.74787326332985e-43	0.279281437102766	0.324	0.207	1.00574909311136e-38
RASSF5	2.89075348828592e-43	0.44808351734936	0.618	0.537	1.05804468424753e-38
CD247	9.00411271480062e-43	0.343154487275957	0.68	0.628	3.29559529474417e-38
LRRC8C-DT	1.43706486303746e-42	0.308345415927765	0.281	0.171	5.25980110520342e-38
ARRDC3	8.65735239544575e-42	0.283739595197655	0.188	0.097	3.1686775502571e-37
ACTN1	9.0795431850072e-42	0.326584013566243	0.54	0.464	3.32320360114448e-37
AL355075.4	1.08103329480921e-41	0.484331617134213	0.212	0.114	3.95668996233121e-37
TSC22D2	1.09171546863382e-41	0.330134018671449	0.519	0.411	3.99578778674665e-37
BICRAL	1.79315359889204e-41	0.297141789242828	0.372	0.253	6.56312148730474e-37
PRDX3	2.61078944955572e-41	-0.263449079448409	0.583	0.684	9.55575046431888e-37
H2AFJ	2.98460284896927e-41	0.256055173893517	0.463	0.36	1.09239448875124e-36
YPEL5	3.39245845332935e-41	0.259265901956695	0.396	0.289	1.24167371850308e-36
BISPR	6.06687813851913e-41	0.317450384266733	0.171	0.085	2.22053806747939e-36
AL357992.1	6.16300095625726e-41	0.334438831565593	0.373	0.262	2.25571997999972e-36
PFKFB3	1.21458666776616e-40	0.350561195821608	0.461	0.345	4.44550866269092e-36
DUSP16	1.78845234895139e-40	0.252718936713116	0.331	0.216	6.54591444239697e-36
MYC	1.93541855263009e-40	0.387494396166042	0.763	0.747	7.08382544448139e-36
HBP1	2.08699608168342e-40	0.257824292414852	0.342	0.229	7.63861435856947e-36
SGMS1	2.75771354692166e-40	0.415086683276075	0.599	0.518	1.0093507353088e-35
AGPAT4	4.55429425329597e-40	0.261656637016041	0.346	0.236	1.66691723964886e-35
SLC7A1	5.2404058371472e-40	0.356758827680727	0.715	0.667	1.91804094045425e-35
MT-ATP8	6.32120969083192e-40	-0.332964741150804	0.614	0.727	2.31362595894139e-35
CTSC	6.61617816758287e-40	-0.286828464768962	0.673	0.771	2.42158737111701e-35
ERN1	7.26604738270937e-40	0.271287518839555	0.482	0.368	2.65944600254546e-35
HIF1A	8.90334250934636e-40	0.305043600886065	0.699	0.68	3.25871239184586e-35
ZBTB21	9.79002777285489e-40	0.300432352502716	0.434	0.327	3.58324806514262e-35
SDCBP2-AS1	1.82794214013576e-39	0.396034029983908	0.244	0.144	6.6904510271109e-35
MAP3K8	2.24680151973074e-39	0.363690389783149	0.735	0.714	8.22351824236648e-35
RGS6	5.23348797714031e-39	0.29653961562549	0.216	0.122	1.91550893451312e-34
ITM2B	5.28721075886529e-39	0.355650322675954	0.549	0.511	1.93517200985228e-34
ENC1	5.71376308463447e-39	0.250656391728276	0.181	0.094	2.09129442660706e-34
ZC3H8	7.28275165561968e-39	0.278874723100552	0.474	0.375	2.66555993347336e-34
ZNF267	8.52678485916866e-39	0.337267861256684	0.645	0.592	3.12088852630432e-34
XCL2	1.30636581905196e-38	0.348895790499216	0.751	0.617	4.78142953431209e-34
CD27	1.3168727266763e-38	-0.28987419729591	0.328	0.444	4.81988586690791e-34
AC002454.1	1.44015975264476e-38	0.250285736707892	0.28	0.177	5.27112871065508e-34
HSPA5	2.23067733210289e-38	-0.365482664346164	0.741	0.803	8.16450210322978e-34
CITED2	6.22746821416866e-38	0.44620964485398	0.58	0.471	2.27931564106787e-33
LINC01619	7.12802423819201e-38	0.378871953427014	0.293	0.192	2.60892815142066e-33
THUMPD3-AS1	1.04089104668568e-37	0.267964160197972	0.598	0.507	3.80976531997427e-33
TRERF1	1.20207300896717e-37	0.315755009697123	0.335	0.225	4.39970742012073e-33
GNG2	2.39806980322668e-37	0.344331351990983	0.718	0.689	8.77717528678999e-33
HIST1H2AC	4.40688198472308e-37	0.407172481577777	0.421	0.312	1.6129628752285e-32
PMEPA1	7.2950888257001e-37	0.288622613929886	0.362	0.255	2.67007546109449e-32
PARP14	7.58031049672603e-37	0.339208596504062	0.457	0.357	2.77446944490669e-32
IFNG	1.09177206474703e-36	0.269862525889808	0.882	0.795	3.9959949341806e-32
IL9	1.26507356370262e-36	-1.01682123662157	0.089	0.173	4.63029575050794e-32
TUBB2A	1.28516482145726e-36	0.445555867482782	0.466	0.369	4.70383176301572e-32
NEDD9	1.46786414590588e-36	0.345650776329131	0.611	0.528	5.3725295604301e-32
HLCS	1.70685176376222e-36	0.266014791167561	0.334	0.225	6.24724814054611e-32
LINC00623	2.34752480525206e-36	0.340997334553757	0.397	0.287	8.59217553970306e-32
CENPM	2.51460057571479e-36	0.320620705027294	0.677	0.661	9.20368956717371e-32
MTDH	2.76385059815101e-36	-0.278968934375265	0.643	0.735	1.01159695742925e-31
PAM	4.51888089373713e-36	0.339991253128014	0.763	0.737	1.65395559591673e-31
PHF11	4.88506764318831e-36	0.26258948606746	0.44	0.34	1.78798360808335e-31
ING1	5.19600403430549e-36	0.304547982603317	0.445	0.354	1.90178943659615e-31
LINC02416	1.90350766233836e-35	0.27827707230384	0.31	0.207	6.96702839492464e-31
JUNB	3.1935919919532e-35	-0.351493837884982	0.866	0.885	1.16888660497479e-30
LHFPL6	5.6633429198181e-35	0.41277306923816	0.384	0.287	2.07284014208262e-30
DHRS4-AS1	1.09202788558781e-34	0.253721371440459	0.306	0.206	3.99693126403995e-30
NLRC5	1.25075305459119e-34	0.299803325840348	0.392	0.282	4.5778812551092e-30
SHLD2	2.31208861092424e-34	0.315732984303124	0.606	0.551	8.46247552484383e-30
LST1	2.41643890160817e-34	0.276289020822129	0.388	0.289	8.84440802377607e-30
RORA	2.87045369633191e-34	0.387494504580264	0.573	0.486	1.05061475739444e-29
AIM2	4.31062376626347e-34	-0.259234745852872	0.396	0.495	1.57773140469009e-29
SRGAP2B	5.49125747776176e-34	0.29759150346638	0.344	0.242	2.00985514943558e-29
PHEX	6.02474792894357e-34	0.324090314586934	0.384	0.287	2.20511798947263e-29
DIAPH2	1.36517630651149e-33	0.329965141004961	0.422	0.324	4.99668179946272e-29
GAN	1.73942754439993e-33	0.31275366252253	0.362	0.26	6.36647875525818e-29
MAPKAPK2	1.76131341450781e-33	0.445471584624064	0.61	0.563	6.44658322844003e-29
INSIG1	1.79035028084756e-33	-0.267898134199123	0.535	0.645	6.55286106293014e-29
BCOR	1.79679565548294e-33	0.299823176453762	0.472	0.374	6.5764517786331e-29
UPP1	3.08076946701875e-33	0.318800694854263	0.668	0.628	1.12759243262353e-28
CDYL	4.15199798611469e-33	0.374525539125116	0.562	0.481	1.51967278289784e-28
POU2F2	4.94935914970992e-33	0.323732168059412	0.562	0.514	1.81151494238533e-28
WDR1	5.02107651887399e-33	0.259191913212788	0.745	0.748	1.83776421667307e-28
RPS27L	8.33656379257485e-33	0.340950064204653	0.703	0.685	3.05126571372032e-28
SPPL2A	1.72057098750391e-32	0.319180733831109	0.591	0.546	6.29746187136307e-28
APOBEC3H	2.5012957854892e-32	0.283557011827093	0.346	0.245	9.154992704469e-28
CORO1C	3.05257321466697e-32	0.308721474086495	0.475	0.395	1.11727232230026e-27
NFKBID	3.71805619456535e-32	0.30963624986177	0.754	0.733	1.36084574777286e-27
EIF2AK2	4.42440500669104e-32	0.259148402726321	0.429	0.344	1.61937647649899e-27
HMMR	5.73254148326699e-32	-0.255606832093166	0.286	0.383	2.09816750829055e-27
FRMD4B	5.7718654180945e-32	0.38688739850858	0.533	0.467	2.11256046167677e-27
TTC39C	8.45406255307436e-32	0.259347507351298	0.534	0.453	3.09427143505074e-27
HIST1H3A	9.68639767391912e-32	0.34903543565398	0.184	0.104	3.54531841263114e-27
TESPA1	2.96137197445579e-31	0.313029903349859	0.533	0.458	1.08389175637056e-26
CCL1	1.40478994158131e-30	0.570753771343667	0.123	0.058	5.14167166518176e-26
TET2	1.46676255066691e-30	0.34492127145099	0.712	0.681	5.36849761169597e-26
VPS13D	3.47374554892506e-30	0.304014144948941	0.397	0.302	1.27142560836206e-25
FAM53C	3.73234372460199e-30	0.269419765143806	0.313	0.216	1.36607512664157e-25
EVI2A	4.6282064280474e-30	0.343035282337245	0.487	0.42	1.69396983472963e-25
FNDC3B	8.65840408957115e-30	0.318080836988931	0.541	0.468	3.16906248082394e-25
RALGDS	9.81359811102364e-30	0.398087687391474	0.396	0.301	3.59187504461576e-25
MFSD10	1.45817399314061e-29	0.266281805451858	0.683	0.69	5.33706263229395e-25
NABP1	1.50170339031553e-29	0.260974121636236	0.444	0.344	5.49638457889386e-25
TCF7	1.77414887025733e-29	0.287467969672553	0.397	0.304	6.49356228002886e-25
CD6	1.85966178298283e-29	0.315575010392378	0.687	0.658	6.80654809189546e-25
TRBC1	2.4854448712634e-29	0.349846424755653	0.428	0.355	9.09697677331118e-25
VMP1	2.61770058302738e-29	0.303476660711817	0.711	0.67	9.58104590393851e-25
E2F3	3.79430532754207e-29	0.251155121540468	0.466	0.369	1.38875369293367e-24
S100A10	1.21773504370049e-28	0.296740516045957	0.819	0.824	4.45703203344815e-24
FAM3C	1.57988810762766e-28	0.306637049582108	0.559	0.51	5.78254846272799e-24
TRAF3IP2-AS1	2.76163400714893e-28	0.256985952946543	0.407	0.309	1.01078566295658e-23
TMEM107	3.9584428900187e-28	0.448910996315091	0.345	0.257	1.44882968217575e-23
FHOD1	4.40544612070088e-28	0.322854192503861	0.602	0.535	1.61243733463773e-23
RIPOR2	5.3599462606494e-28	0.347147523198655	0.332	0.239	1.96179393086029e-23
SDC4	1.35941259058539e-27	0.344676196458808	0.611	0.57	4.9755860228016e-23
SNHG6	1.55656689008223e-27	0.254492068932374	0.793	0.807	5.69719047438997e-23
ANKRD33B	1.72747278896425e-27	0.351725690570834	0.324	0.236	6.32272315488807e-23
AVL9	2.18137452812254e-27	0.269735001341617	0.468	0.38	7.98404891038132e-23
ANKRD10	2.61124498989804e-27	0.330011132930439	0.513	0.436	9.5574177875258e-23
MAT2A	5.8897901884806e-27	0.322974937726072	0.741	0.709	2.15572210688578e-22
PRDX1	1.31671611500049e-26	-0.286919605684783	0.828	0.841	4.81931265251328e-22
SPAG9	3.31883874184018e-26	0.30128417415789	0.678	0.647	1.21472816790092e-21
RGS3	4.33022995088769e-26	0.267890687833714	0.49	0.412	1.5849074643244e-21
SERPINE2	4.37551471659147e-26	0.265820447333549	0.257	0.174	1.60148214141965e-21
AHRR	5.58680333626478e-26	0.300063284765288	0.414	0.325	2.04482588910627e-21
SELPLG	6.52527893066073e-26	0.327644848243349	0.481	0.423	2.38831734141113e-21
LINC01934	7.43356695764757e-26	0.307439140692398	0.357	0.264	2.72075984216859e-21
ICOS	1.52436691141858e-25	0.260233216345369	0.544	0.478	5.57933533248316e-21
PRNP	1.58666007114844e-25	0.299168203526908	0.561	0.496	5.80733452641039e-21
PLCL2	1.784483166111e-25	0.264474704198664	0.434	0.351	6.53138683628286e-21
ANK3	1.98499967492647e-25	0.385045341770071	0.698	0.667	7.26529731019838e-21
KDM4C	1.98898141098539e-25	0.252188839990209	0.415	0.33	7.27987086234762e-21
JAK2	2.36904226552796e-25	0.323578085902149	0.591	0.534	8.67093159605889e-21
F5	3.46474291493056e-25	0.326659465192808	0.561	0.511	1.26813055429373e-20
POLR2A	4.11726417980732e-25	0.257922958086042	0.734	0.694	1.50695986245128e-20
PTPRE	4.52764445087304e-25	0.300798477758648	0.613	0.563	1.65716314546404e-20
LPP	7.47666940431629e-25	0.327738637887127	0.54	0.474	2.73653576867381e-20
LIF	7.72473144289552e-25	0.279788050266743	0.575	0.498	2.82732895541419e-20
ECE1	8.69084040816595e-25	0.353199269583152	0.664	0.625	3.18093449779282e-20
TNIP2	1.04998673889637e-24	0.282534066801244	0.64	0.609	3.84305646303459e-20
RNF149	1.41757757219577e-24	0.288320237748193	0.555	0.491	5.18847567199374e-20
RBPJ	1.84714759382637e-24	0.25421912611648	0.791	0.784	6.76074490816389e-20
RALGAPA1	2.08649724486609e-24	0.274667411831118	0.421	0.336	7.63678856593436e-20
GZMH	2.72034687402447e-24	-0.295997706858222	0.243	0.322	9.95674159361695e-20
CRY1	5.56497309520408e-24	0.301084088150743	0.574	0.516	2.03683580257565e-19
DYNLT1	5.69023940730958e-24	0.260884697825978	0.63	0.617	2.08268452546938e-19
SRGAP2	9.04646963245563e-24	0.292566353749006	0.378	0.295	3.31109835017509e-19
DSTN	9.43125232444356e-24	0.275465320348832	0.535	0.516	3.45193266326959e-19
N4BP1	1.21475688734482e-23	0.296578188034827	0.531	0.469	4.44613168337078e-19
CCL22	1.40999501466175e-23	0.389346749275126	0.162	0.096	5.16072275316346e-19
LAG3	2.49205645107347e-23	0.257830099911092	0.716	0.717	9.12117581657399e-19
LINC00892	4.94313612633021e-23	-0.271221003088509	0.431	0.519	1.80923725359812e-18
BBC3	6.7374662584849e-23	0.254102114947805	0.17	0.105	2.46598002526806e-18
POP4	3.12493674225541e-22	0.365481057373171	0.521	0.49	1.1437580970329e-17
NOCT	5.82768002367829e-22	0.254373492295632	0.345	0.261	2.13298916546649e-17
CTNNB1	1.44758882206081e-21	0.361678947344954	0.697	0.663	5.29831984762478e-17
ADAR	2.62285871571037e-21	0.261631316089978	0.613	0.578	9.59992518537151e-17
GNA13	4.467696520728e-21	0.283117366357238	0.6	0.546	1.63522160355166e-16
WDR74	5.57140562834014e-21	0.479252205017867	0.691	0.654	2.03919017402877e-16
EHD4	7.55173182972061e-21	0.271790358366239	0.685	0.687	2.76400936699604e-16
TOB1	7.65101174884438e-21	0.305620714121354	0.36	0.281	2.80034681019453e-16
SLC7A5	9.31869684891057e-21	0.309941193300449	0.805	0.797	3.41073623366976e-16
ALCAM	9.44474337901365e-21	0.275923785317368	0.548	0.486	3.45687052415279e-16
SPAG1	9.50819260206508e-21	0.266638668645183	0.558	0.505	3.48009357428184e-16
TAP1	3.77293081733213e-20	0.277926449821004	0.662	0.67	1.38093040845173e-15
LPXN	6.10073465816926e-20	0.261828517833516	0.691	0.67	2.23292989223653e-15
PLEKHA7	7.63562403075694e-20	0.263946559871149	0.487	0.427	2.79471475149735e-15
TTC33	1.39385308466639e-19	0.303931913992589	0.44	0.362	5.10164167518746e-15
VDR	1.81542686496019e-19	0.285989000818095	0.465	0.396	6.64464386844078e-15
XPC	4.19692495223215e-19	0.266664195530978	0.405	0.329	1.53611650176649e-14
PRDM2	4.54669169418072e-19	0.251960398122073	0.579	0.529	1.66413462698709e-14
STK24	1.13024773035966e-18	0.254710053878937	0.668	0.652	4.13681971788939e-14
RDX	1.40084097787521e-18	0.321849230443992	0.606	0.57	5.12721806312107e-14
ALOX5AP	4.32188496777178e-18	0.2627499048427	0.334	0.267	1.58185311705415e-13
MYO1D	7.33741778539565e-18	0.258611075903137	0.542	0.495	2.68556828363266e-13
PEAK1	7.41923466573858e-18	0.282718744537511	0.582	0.548	2.71551408000698e-13
PTPRK	9.8476584894574e-18	0.25006746362961	0.461	0.387	3.6043414837263e-13
GOLGA8A	1.69341465842637e-17	0.285177847074601	0.253	0.186	6.19806699130634e-13
LAPTM5	2.43209220501311e-17	0.261471038948466	0.578	0.574	8.90170067956847e-13
ICAM1	2.83756627707199e-17	0.278259204568565	0.459	0.398	1.03857763307112e-12
HIST1H2AE	4.59182910110063e-17	0.266676995442755	0.358	0.29	1.68065536929384e-12
CD200	8.56790099482432e-17	0.31814422689845	0.37	0.311	3.13593744311565e-12
MAP2K3	1.27586203286651e-16	0.251434181051998	0.695	0.7	4.6697826264947e-12
TGFBR2	2.18510055919662e-16	0.271923446175965	0.613	0.563	7.99768655671553e-12
RIPK1	4.67176663042013e-16	0.277838956716537	0.367	0.299	1.70991330440007e-11
ATF7IP	6.07040706301169e-16	0.260964441243328	0.506	0.444	2.22182968913291e-11
OGT	8.03247802625606e-16	0.297108488392397	0.584	0.553	2.93996728238998e-11
IL5	8.41836238372195e-16	-0.524362407373789	0.092	0.141	3.08120481606607e-11
PIEZO1	1.09603679879827e-15	0.314916090720612	0.468	0.408	4.01160428728155e-11
NFKB1	1.1477629740306e-15	0.26133687167158	0.799	0.781	4.20092726124941e-11
PTPN6	1.18063331800262e-15	0.260219752226971	0.63	0.623	4.32123600722138e-11
FOXO1	6.56899412978626e-15	0.293624173910737	0.626	0.599	2.40431754144307e-10
ELL2	8.14083710527149e-15	0.26421552873324	0.667	0.644	2.97962778890042e-10
TMBIM1	8.3639719065285e-15	0.326783416409172	0.543	0.502	3.0612973575085e-10
SKIL	1.01560406997103e-14	0.258905345708856	0.482	0.421	3.71721245650095e-10
LINC02446	1.09877390059113e-14	-0.263819952989107	0.427	0.485	4.02162235355358e-10
MAK	1.4721272161461e-14	0.252547396831851	0.389	0.332	5.38813282381632e-10
RAPGEF1	1.92405864469381e-14	0.268910588304737	0.552	0.503	7.04224704544381e-10
IFFO2	3.8577054832225e-14	0.266448923959933	0.402	0.336	1.41195878391427e-09
NACC1	1.07820076827348e-13	0.282488339604781	0.457	0.402	3.94632263195776e-09
ASF1A	1.52403903185809e-13	0.313125001682279	0.418	0.359	5.57813526050378e-09
NEAT1	1.85977801346266e-13	0.523667495933111	0.729	0.703	6.80697350707469e-09
EVI5	2.1384337089633e-13	0.267223902777509	0.617	0.579	7.82688121817658e-09
MIR222HG	2.39674332068339e-13	0.290700672637336	0.546	0.498	8.77232022803329e-09
IFIT2	2.75206148066135e-13	0.291634107031944	0.117	0.073	1.00728202253686e-08
TBC1D5	6.03310947727258e-13	0.256104169204512	0.378	0.321	2.20817839977654e-08
HIST1H1D	1.55295330961031e-12	0.319116437621475	0.607	0.548	5.6839644085047e-08
HIST1H4C	9.57129934541073e-12	-0.250801102170846	0.842	0.841	3.50319127341378e-07
FNDC3A	1.08306221368316e-11	0.255746648733407	0.622	0.602	3.96411600830174e-07
LFNG	1.45216613976459e-11	0.278036767538373	0.237	0.185	5.31507328815236e-07
DIXDC1	1.74238026929394e-11	0.269799568446765	0.525	0.485	6.37728602364273e-07
CARS2	1.93607860152356e-11	0.256128837897945	0.541	0.516	7.08624128943637e-07
GTF2B	4.18496458911326e-11	0.272295869656344	0.628	0.592	1.53173888926134e-06
IFRD1	8.33090157281657e-11	0.259075545066786	0.515	0.468	3.04919328466659e-06
LRRC8C	1.0689521230079e-10	0.253391615526206	0.624	0.609	3.91247166542121e-06
ZC3HAV1	3.1360979902794e-09	-0.272197242595656	0.564	0.623	0.000114784322542216
CCL4L2	2.22123226006174e-08	-0.456385172305062	0.745	0.714	0.000812993219505196
CCL4	3.9215100032205e-08	-0.255888453504786	0.932	0.891	0.00143531187627874
HSPA1A	5.48298452721369e-08	0.33900508155414	0.258	0.218	0.00200682716680548
MKLN1	5.8863978032313e-07	0.264406950783589	0.511	0.483	0.0215448045996069
RNF145	3.92802799533994e-06	0.25260444835899	0.551	0.532	0.143769752657437
ANXA1	4.94292977525328e-06	0.36977287685039	0.469	0.463	0.180916172704045
SPTAN1	9.14149819761673e-05	0.291042366882985	0.625	0.619	1
DDHD1	0.000128428751285244	0.272713102321451	0.493	0.482	1
IL31	0.0008424129407783	-0.291359654650375	0.108	0.086	1
HIST1H2AI	0.00374663601759512	0.280067738013533	0.605	0.58	1
CCL17	0.0115083162104252	-0.338399073242415	0.184	0.202	1
MKNK2	0.412508184294788	0.292557159834316	0.42	0.424	1
